0 3.41e-07
100 7.5753e-05
200 0.000187345
300 0.000378213
400 0.000600827
500 0.000888642
600 0.00111252
700 0.0013859
800 0.00169942
900 0.00196759
1000 0.00230843
1100 0.00260694
1200 0.00298352
1300 0.00336924
1400 0.00366615
1500 0.0039611
1600 0.00434689
1700 0.00477371
1800 0.00518725
1900 0.00558164
2000 0.00586747
2100 0.00633964
2200 0.00678397
2300 0.00732861
2400 0.00773356
2500 0.00815799
2600 0.0086454
2700 0.00914874
2800 0.00981362
2900 0.010589
3000 0.011393
3100 0.0121079
3200 0.0129804
3300 0.0137749
3400 0.0145413
3500 0.0156512
3600 0.017025
3700 0.0174108
3800 0.0181758
3900 0.019157
4000 0.0201552
4100 0.0211624
4200 0.0221275
4300 0.0233893
4400 0.0244391
4500 0.02555
4600 0.0268833
4700 0.0281562
4800 0.0292534
4900 0.0302868
5000 0.0314994
5100 0.033079
5200 0.034454
5300 0.0356151
5400 0.0371081
5500 0.0384042
5600 0.03951
5700 0.0409445
5800 0.0421563
5900 0.0438199
6000 0.0449212
6100 0.0460327
6200 0.0473492
6300 0.049261
6400 0.0506921
6500 0.0522501
6600 0.0540593
6700 0.0561222
6800 0.0577803
6900 0.0596077
7000 0.0618149
7100 0.0635544
7200 0.0653814
7300 0.0678533
7400 0.0695231
7500 0.0712512
7600 0.072589
7700 0.0741986
7800 0.0759124
7900 0.0775925
8000 0.0792748
8100 0.0811976
8200 0.0830771
8300 0.0842293
8400 0.0855502
8500 0.0874286
8600 0.0890224
8700 0.090992
8800 0.0926552
8900 0.0939772
9000 0.0962364
9100 0.0979923
9200 0.0996402
9300 0.100934
9400 0.10304
9500 0.104413
9600 0.106128
9700 0.108258
9800 0.110145
9900 0.112305
10000 0.114578
10100 0.116335
10200 0.118289
10300 0.120152
10400 0.122141
10500 0.124489
10600 0.126328
10700 0.128669
10800 0.130551
10900 0.132669
11000 0.135451
11100 0.136618
11200 0.138766
11300 0.140888
11400 0.143308
11500 0.145255
11600 0.147282
11700 0.148945
11800 0.155248
11900 0.153091
12000 0.155197
12100 0.15777
12200 0.164225
12300 0.1619
12400 0.163869
12500 0.16848
12600 0.16793
12700 0.16944
12800 0.171869
12900 0.174379
13000 0.176441
13100 0.178649
13200 0.181075
13300 0.182799
13400 0.184568
13500 0.187127
13600 0.19005
13700 0.191189
13800 0.193099
13900 0.196084
14000 0.198012
14100 0.200027
14200 0.202529
14300 0.204377
14400 0.206772
14500 0.209725
14600 0.211778
14700 0.214321
14800 0.216671
14900 0.219327
15000 0.221888
15100 0.224175
15200 0.226688
15300 0.228497
15400 0.231487
15500 0.233681
15600 0.235783
15700 0.237849
15800 0.240469
15900 0.243051
16000 0.2458
16100 0.249004
16200 0.252114
16300 0.25395
16400 0.256148
16500 0.258103
16600 0.260717
16700 0.263152
16800 0.265634
16900 0.269473
17000 0.269508
17100 0.271784
17200 0.274575
17300 0.275978
17400 0.278924
17500 0.281191
17600 0.283482
17700 0.286189
17800 0.288724
17900 0.291601
18000 0.292629
18100 0.295011
18200 0.300169
18300 0.299903
18400 0.306051
18500 0.304444
18600 0.307806
18700 0.31163
18800 0.313495
18900 0.316278
19000 0.319136
19100 0.320984
19200 0.323344
19300 0.326101
19400 0.329823
19500 0.336526
19600 0.336847
19700 0.34048
19800 0.342326
19900 0.342307
20000 0.383275
20100 0.363283
20200 0.356725
20300 0.359089
20400 0.359641
20500 0.366164
20600 0.373114
20700 0.380922
20800 0.378971
20900 0.384964
21000 0.382642
21100 0.385449
21200 0.384557
21300 0.392481
21400 0.393824
21500 0.394042
21600 0.410243
21700 0.415708
21800 0.408955
21900 0.404867
22000 0.409725
22100 0.410098
22200 0.423294
22300 0.415995
22400 0.424178
22500 0.418739
22600 0.424465
22700 0.424849
22800 0.424318
22900 0.434812
23000 0.448209
23100 0.440324
23200 0.438349
23300 0.438257
23400 0.451363
23500 0.47382
23600 0.450636
23700 0.450308
23800 0.454144
23900 0.460887
24000 0.463283
24100 0.46151
24200 0.471291
24300 0.471514
24400 0.47217
24500 0.476123
24600 0.47906
24700 0.478272
24800 0.491598
24900 0.543027
25000 0.497909
25100 0.500031
25200 0.499689
25300 0.499515
25400 0.517387
25500 0.501509
25600 0.507485
25700 0.514307
25800 0.515997
25900 0.518046
26000 0.513867
26100 0.529315
26200 0.529314
26300 0.531612
26400 0.529515
26500 0.534011
26600 0.537019
26700 0.56083
26800 0.577881
26900 0.545582
27000 0.547589
27100 0.549609
27200 0.560427
27300 0.55774
27400 0.555035
27500 0.558212
27600 0.589288
27700 0.563431
27800 0.56559
27900 0.599383
28000 0.58172
28100 0.574861
28200 0.599209
28300 0.597938
28400 0.588305
28500 0.584689
28600 0.586882
28700 0.601498
28800 0.596676
28900 0.595354
29000 0.604284
29100 0.617497
29200 0.622833
29300 0.657541
29400 0.612634
29500 0.617571
29600 0.651981
29700 0.628797
29800 0.626862
29900 0.640857
30000 0.633212
30100 0.644279
30200 0.647405
30300 0.644635
30400 0.641161
30500 0.664888
30600 0.658821
30700 0.681839
30800 0.691156
30900 0.703609
31000 0.674211
31100 0.674529
31200 0.674095
31300 0.677726
31400 0.681013
31500 0.685213
31600 0.686424
31700 0.695517
31800 0.696105
31900 0.709455
32000 0.711307
32100 0.709858
32200 0.707131
32300 0.715725
32400 0.717521
32500 0.720626
32600 0.728037
32700 0.752418
32800 0.734473
32900 0.730189
33000 0.744893
33100 0.74531
33200 0.743051
33300 0.741073
33400 0.749975
33500 0.750798
33600 0.782559
33700 0.77887
33800 0.79732
33900 0.786009
34000 0.774156
34100 0.77575
34200 0.780753
34300 0.780895
34400 0.78573
34500 0.783828
34600 0.830205
34700 0.844672
34800 0.82301
34900 0.889114
35000 0.904791
35100 0.80793
35200 0.815487
35300 0.814221
35400 0.819643
35500 0.814085
35600 0.821967
35700 0.821707
35800 0.839815
35900 0.832745
36000 0.840742
36100 0.835807
36200 0.832956
36300 0.855279
36400 0.873695
36500 0.86099
36600 0.854618
36700 0.852171
36800 0.854771
36900 0.86622
37000 0.861005
37100 0.875266
37200 0.90271
37300 0.894123
37400 0.912248
37500 0.929049
37600 0.905638
37700 0.896368
37800 0.953612
37900 0.923574
38000 0.946882
38100 0.945004
38200 0.919011
38300 0.938066
38400 0.92244
38500 0.921522
38600 0.925516
38700 0.926089
38800 0.929908
38900 0.961918
39000 0.94983
39100 0.947918
39200 0.95167
39300 0.949821
39400 0.951528
39500 0.95553
39600 0.963616
39700 0.96476
39800 0.971606
39900 0.974475
40000 0.976487
40100 0.97892
40200 0.982537
40300 0.991007
40400 0.998347
40500 1.04624
40600 1.02391
40700 1.02169
40800 1.01042
40900 1.01763
41000 1.01959
41100 1.01854
41200 1.03204
41300 1.03426
41400 1.03959
41500 1.03927
41600 1.07162
41700 1.06586
41800 1.10332
41900 1.05967
42000 1.09058
42100 1.05909
42200 1.06681
42300 1.10178
42400 1.07071
42500 1.06889
42600 1.08908
42700 1.08365
42800 1.09047
42900 1.09935
43000 1.08447
43100 1.08849
43200 1.0957
43300 1.09408
43400 1.1098
43500 1.13407
43600 1.14454
43700 1.11854
43800 1.1201
43900 1.19517
44000 1.179
44100 1.12355
44200 1.14555
44300 1.15846
44400 1.13765
44500 1.13948
44600 1.14482
44700 1.14905
44800 1.14821
44900 1.15057
45000 1.16474
45100 1.16248
45200 1.16599
45300 1.17145
45400 1.17502
45500 1.27153
45600 1.18489
45700 1.19245
45800 1.18864
45900 1.20331
46000 1.21005
46100 1.20087
46200 1.20656
46300 1.21551
46400 1.2178
46500 1.23014
46600 1.21368
46700 1.21808
46800 1.22228
46900 1.22468
47000 1.25147
47100 1.2539
47200 1.32281
47300 1.25295
47400 1.26306
47500 1.25575
47600 1.26238
47700 1.25691
47800 1.25406
47900 1.28664
48000 1.34834
48100 1.29516
48200 1.27781
48300 1.28043
48400 1.29142
48500 1.3231
48600 1.30235
48700 1.31315
48800 1.33269
48900 1.3499
49000 1.30918
49100 1.30818
49200 1.32168
49300 1.32391
49400 1.32017
49500 1.32901
49600 1.32809
49700 1.33204
49800 1.33975
49900 1.34803
